18
19
22
23
25
27
28
30
31
33
35
37
39
40
42
44
45
47
48
50
51
53
54
55
57
59
60
61
62
63
63
66
68
70
71
73
74
76
77
79
79
81
83
84
85
87
88
89
91
91
93
94
95
96
97
99
100
102
103
104
105
107
107
109
110
111
111
113
114
115
116
117
118
119
120
121
122
123
123
124
125
126
127
127
129
130
131
133
134
135
137
138
139
140
141
142
143
145
146
147
148
149
150
151
152
153
155
155
156
157
158
159
159
161
162
163
164
165
166
167
167
169
169
170
171
172
173
173
174
175
175
176
177
178
179
179
180
181
181
182
183
183
184
185
185
186
186
187
187
188
188
189
189
190
190
191
191
191
192
193
194
195
195
196
197
197
198
198
199
199
200
200
201
201
202
202
203
203
203
204
204
204
204
204
205
205
205
205
205
206
206
206
206
206
206
206
206
206
207
207
207
207
207
207
207
207
207
207
207
207
207
207
207
207
207
207
207
207
207
207
207
207
207
207
207
207
207
207
207
207
207
207
207
207
207
207
207
207
207
207
207
208
208
208
208
209
209
209
209
209
209
209
209
209
210
210
210
210
210
210
210
210
210
210
210
210
210
211
211
211
211
211
211
211
211
211
211
211
211
211
211
211
211
211
211
211
211
211
211
211
211
211
211
211
211
211
211
211
211
211
211
211
211
211
211
211
211
211
211
211
211
211
211
211
211
211
211
211
211
211
211
211
211
211
211
211
211
211
211
211
211
211
211
211
211
211
211
211
211
211
211
211
211
211
211
211
211
211
211
211
211
211
211
211
211
211
211
211
211
211
211
211
211
211
211
211
211
211
211
211
211
211
211
211
211
211
211
211
211
211
211
211
211
211
211
211
211
211
211
211
211
211
211
211
211
211
211
211
211
211
211
211
211
211
211
211
211
211
211
211
211
211
211
211
211
210
209
208
208
206
206
205
204
203
203
202
201
201
200
200
199
199
198
198
197
197
197
196
196
196
196
195
195
195
194
194
194
194
194
194
193
193
193
193
193
193
193
193
192
192
192
192
192
192
192
192
192
192
192
192
192
192
192
192
192
192
192
192
192
192
192
192
192
192
192
192
192
192
192
192
192
192
192
192
192
192
192
192
192
192
192
192
192
192
192
192
192
192
192
192
192
192
192
192
192
192
192
192
192
192
192
192
192
192
192
192
192
192
192
192
192
192
192
192
192
192
192
192
192
192
192
192
191
190
190
189
188
188
188
187
187
186
186
186
185
185
185
184
184
184
184
183
183
183
182
182
182
181
181
181
181
180
180
180
180
180
179
179
179
179
179
179
178
178
178
178
